10001011000000100000000000100011
11001011000000100000000000100011
10001010000000100000000000100011
10101010000000100000000000100011
00010100000000000010011100010000
10010001000001100100000001000001
11010001000001100100000001000001
11111000010001100100000001000001
11111000000001000101000011101101
10110100000000000000000001110011
10110101000000000000000001110011
11010010101000000001111111101001
11110010100000000001111111101001
11010011010000000001000000100000
11010011011000000001000000100000
11111110110111101111111111100111
11111111111111111111111111111111
11111111111111111111111111111110
11111111111111111111111111111101
