10001011 000 00010 00000 00000 100011 	96	ADD	R3, R1, R2
11001010 000 00010 00000 00000 100011 	100	EOR	R3, R1, R2
11001011 000 00010 00000 00000 100011 	104	SUB	R3, R1, R2
10001010 000 00010 00000 00000 100011 	108	AND	R3, R1, R2
10101010 000 00010 00000 00000 100011 	112	ORR	R3, R1, R2
00000000 000 00000 00000 00000 000000 	116	NOP
00010100 000 00000 00100 11100 010000 	120	B	#10000
10010001 001 11001 11000 00001 000001 	124	ADDI	R1, R2, #-400
11010001 000 00110 01000 00001 000001 	128	SUBI	R1, R2, #400
11111000 010 00110 01000 00001 000001 	132	LDUR	R1, [R2, #100]
11111000 000 00100 01010 00011 101101 	136	STUR	R13, [R7, #69]
10110100 000 00000 00000 00001 110011 	140	CBZ	R19, R3
10110101 000 00000 00000 00001 110011 	144	CBNZ	R19, R3
11010010 101 00000 00011 11111 101001 	148	MOVZ	R9, 255, LSL 16
11110010 100 00000 00011 11111 101001 	152	MOVK	R9, 255, LSL 0
11010011 010 00000 00010 00000 100000 	156	LSR	R0, R1, 4
11010011 011 00000 00010 00000 100000 	160	LSL	R0, R1, 4
11111110 110 11110 11111 11111 100111 	164	BREAK
11111111111111111111111111111111	168	-1
11111111111111111111111111111110	172	-2
11111111111111111111111111111101	176	-3
